-11.81 Man United 8.39 -10.70 -9.40 7.09 3.43 -10.62
22.75 Fulham -8.39 9.70 5.00 -5.13 11.64 9.93
-14.63 Ipswich -8.26 -7.17 -5.00 6.15 3.34 -3.69
29.58 Liverpool 8.26 9.16 9.40 -12.33 7.67 7.42
33.19 Arsenal 7.98 9.26 -5.90 8.65 5.96 7.24
-36.25 Wolves -7.98 -9.78 5.29 -8.04 -8.32 -7.42
-19.99 Everton -8.83 -8.91 -9.84 -8.18 5.13 10.64
2.56 Brighton 8.83 10.70 5.90 -6.15 -6.01 -10.71
12.49 Newcastle 7.17 3.03 9.32 8.04 -11.64 -3.43
-42.80 Southampton -7.17 -8.82 -7.49 -7.09 -3.34 -8.89
6.68 Nottingham Forest -5.26 8.82 -5.29 12.33 6.01 -9.93
3.61 Bournemouth 5.26 -3.03 9.84 -9.68 -7.67 8.89
-4.03 West Ham -8.79 10.22 -7.00 5.13 -9.66 6.07
28.10 Aston Villa 8.79 -9.26 8.38 8.18 8.32 3.69
-17.17 Brentford 9.10 -9.16 7.49 -8.09 -10.44 -6.07
-33.62 Crystal Palace -9.10 -10.22 5.27 -5.50 -3.43 -10.64
-28.77 Leicester City -3.82 -9.70 -8.38 5.50 -5.13 -7.24
15.82 Tottenham 3.82 8.91 -9.32 -8.65 10.44 10.62
27.39 Chelsea -7.17 9.78 -5.27 9.68 9.66 10.71
26.90 Man City 7.17 7.17 7.00 8.09 -5.96 3.43
